5019420
5026924
1033168
1032101
5048081
1033073
1032056
1035255
1036988
1035856
8000030
8000031
1033057
5002080
5007915
5008480
5011665
5008568
5008699
5008703
5008813
5008847
5008851
5008869
5009026
5009572
5009667
5009668
5010800
5011071
5012396
5012611
5012800
1083349
5014363
5014971
5037715
1086511
5015260
5018844
5019391
1288904
5021495
5027068
5027721
5029237
5055417
5030748
1258652
1137304
5034565
5046542
5038213
5055419
5042845
5042540
5046377
1192571
5047553
5047704
5050203
5050880
5051133
5053753
5055251
5082638
5059991
5075639
5070834
5070982
8002670
5079126
5080126
5080127
5080128
5080129
5083969
5083412
5083746
5083990
5083839
5083854
5083860
5083862
5084232
5085135
5087205
5089936
5092186
5091854
1031172
1031173
1031174
1031175
1031176
1031180
1031181
1031183
1031184
1031207
1031235
1031262
1031264
1031270
1031281
1031289
1031307
1031314
1031322
1031325
1031326
1031329
1031332
1031346
1031357
1031375
1031422
1031423
1031424
1031425
1031437
1031514
1031518
1031520
1031526
1031528
1031531
1139368
1031562
1031586
1031589
1031607
1031611
1031628
1031630
1031631
1031641
1031662
1031701
1031711
1031990
1032032
1216679
1032054
1032059
1032071
1032090
1032091
1212588
1032096
1032106
1032113
1032137
1032192
1032197
1032203
1032205
1032218
1032227
1032254
1032260
1216667
1032287
1032257
1032297
1032305
1032495
1138036
1032500
1032512
1032513
1032516
1032533
1032538
1032545
1032562
1032594
1032628
1032656
1032641
1032647
1032658
1032659
1032687
1032694
1032704
1032744
1032745
1032764
1032767
1111702
1032786
1032795
1032810
1032819
1032879
1032899
1032907
1032922
1032947
1032983
1104576
1032988
1033005
1033016
1073965
1033068
1033137
1033150
1033160
1033162
1033222
1033290
1033295
1033307
1033398
1033436
1033491
1033505
1033508
1033555
1033559
1033580
1033583
1033585
1234133
1033595
1033599
1033702
1042041
1042345
1042798
1049693
1050136
1050194
1050202
1050331
1139324
1057047
1065364
1066119
1074130
1074500
1075056
1076409
1077161
1077234
1079711
1081137
1083961
1085557
1086540
1087896
1137401
1088210
1088368
1088386
1089427
1096263
1096655
1121148
1100048
1100747
1100749
1100825
1101618
1108599
1110358
1034465
1034652
1034719
1216835
1034729
1034966
1034978
1035072
1216673
1035080
1035081
1035091
1035208
1216653
1035563
1216825
1267458
1035830
1035860
1035895
1036080
1036104
1036110
1036126
1036167
1036197
1036199
1036240
1036328
1036329
1036348
1036442
1036456
1036512
1050334
1036531
1215578
1036541
1036561
1036631
1036639
1036651
1216773
1036685
1036724
1036744
1036785
1216828
1036950
1036981
1036998
1037023
1037046
1037094
1037121
1037180
1216837
1037216
1037223
1037228
1037241
1037259
1223152
1037279
1037382
1037428
1037518
1037538
1037559
1037631
1037652
1037664
1037686
1037707
1037727
1037756
1037776
1037812
1037814
1037818
1037841
1037893
1038019
1038096
1038114
1216763
1038130
1205673
1038372
1038687
1038764
1210832
1038813
1227565
1038837
1039109
1039115
1039222
1039393
1039415
1039478
1039577
1039637
1039647
1039774
1039911
1040188
1040193
1040381
1041171
1042240
1049616
1050199
1050536
1050713
1050772
1057796
1065262
1075947
1076608
1077140
1077827
1078187
1078515
1078929
1204930
1079291
1079846
1081074
1081475
1085240
1085992
1087643
1089378
1096086
1211897
1096399
1096496
1096504
1099638
1101930
1104460
1106858
1109140
1110126
1111161
1031304
1033516
1050819
1115778
1037724
1035079
1037403
1032979
1031385
1032518
1032523
1205689
1032571
1076869
1033140
1032541
1073691
1031247
1037738
1078050
1033638
5001795
1031696
1033446
1032613
1032528
1032909
1101280
1032275
1217190
1111518
5008220
1050701
1033692
1032522
1032261
1042042
1057192
1100026
1066935
1032047
1088388
1033303
1039470
1050007
1033691
1033397
1039154
1210786
1031809
1032797
1032801
1112918
1036004
1032215
1057216
1033071
1031717
1216693
1228371
1079059
1117060
1032066
1096092
1033065
1216678
1031295
1033085
1032093
5012313
1034627
1108358
1116609
1074481
1033155
1036042
1039325
1089385
1036463
1086732
1038662
1098263
1084828
1065107
1101114
1032041
1119744
1120085
1085633
1095245
1067485
1079405
1121145
1079521
1050086
1031634
1233713
1033338
1115833
1074457
1137305
1126237
1138507
1114772
1121146
1033074
1079683
1065108
1144617
1076324
1082501
1078352
1040241
1104244
1121642
1114771
1075090
1141867
1067236
1037310
1144787
1144665
1145244
1065187
5010986
1145785
1056977
1144507
1057339
1032897
1150868
1137307
1096704
1035682
1148444
1039497
1145058
1144762
1106265
1138799
1032657
1141745
1144639
1148064
1162889
1035574
1102577
1105261
1104102
1116361
1144750
1038007
1106282
1106283
1147941
1042810
1081993
1104082
1137398
1082500
1032563
1038303
6002710
1163619
1121123
1076345
1162482
1039534
1248216
1138528
1137183
1031524
1140495
1160808
1111058
1032678
1033588
1033600
1033459
1033694
7009317
1202882
1144566
1148007
1049320
1033584
1033193
1139617
1033329
1050555
1193008
1146347
1103699
1137318
1036799
1119849
1192786
1032061
1165122
1140637
1166667
1032082
1137546
5001584
6002965
1163060
1193463
1208962
1032077
1067391
1040675
1209328
1194948
1120936
1032058
1036846
1104495
1032697
1032108
1121147
1210537
1210454
1050700
1203614
1194567
1065429
1210215
1163345
1141205
1210249
1209488
1141733
1209900
1114773
1214370
1050122
1118634
1119005
1194010
1114175
1137838
1037991
1166488
1032546
1115996
1139480
1145519
1034976
1214620
1204439
1194265
1120930
1120933
1033604
1138564
1119762
1032245
1217460
1038079
1140257
1207211
1205744
1209838
1033666
1033680
1037133
1217582
1163633
1037328
1147184
1217295
1211728
1215425
1086828
1223112
1223787
1037449
1104646
1033484
1140348
1032075
1139812
1215709
1040706
1212036
1120925
1031594
1216879
1037340
1147517
1040676
1138567
1110003
1224429
1031535
1138865
1141938
1222921
1166737
1212164
1035123
1145951
1138897
1137302
1144619
7004332
1032911
1146550
1214513
1140265
1192929
1214065
1138002
1032952
1138258
1230676
1141908
1216813
1031543
1033087
1036307
1035793
1231036
1137378
1211529
1121860
1145796
1150840
1032286
1031579
1166277
1216730
1162379
1141393
1229044
1229043
1212079
1218819
1231568
1108626
1232704
1232698
1227997
1223094
1137643
1229042
1194500
1234195
1116228
1039597
1139187
1139079
1037027
1231028
1038003
1226253
1112697
1087931
1229362
1235482
1106284
1106290
1119829
1211842
1035680
1122396
1120003
1037155
1041910
1139427
1141222
1219582
1225618
1232338
1232470
1140226
1040240
1192950
1031389
1139670
1192926
1227891
1138117
1057949
1193320
1037224
1120928
1236685
1038732
1193048
1229387
1243766
1162429
1079684
1232477
1145018
1227860
1193249
1232476
1235317
1235405
1031704
1243727
1040122
1231242
1147795
1037400
1137638
1236276
1164116
1086678
1248954
1031657
1085798
1227204
1142065
1290203
1039232
1234890
1032270
1244725
1250248
1147064
1194376
1251177
1243835
1147870
1139071
1215855
1035445
1251746
1215773
1039460
1032547
1034507
1205551
1031591
1031427
1138829
1250266
1233949
1227349
1031522
1251072
1031420
1203802
1141736
1032532
1163606
1147077
1076142
1138760
1109438
1032553
1227461
1252415
1254031
1248440
1231039
1224357
1145629
1253815
1036991
1039432
1254943
1033082
1049321
1141882
1210813
1255508
1254828
1033468
1232449
1147561
1194651
1256151
1137241
1138356
1040099
1057711
1205609
1039630
1146328
1192951
1033054
1031860
1042025
1033284
1040192
1096964
1039778
1246614
1032551
1035333
1204291
1232414
1256605
1141024
1193242
1097953
1139843
1255559
1037006
1106393
1192940
1255274
1254866
1254867
1036908
1032549
1256422
1254962
1260593
1234976
1139684
1036372
1233145
1140481
1261030
1085716
1126415
1138170
1265016
1212051
1140827
1192923
1138665
1139806
1165386
1139739
1232349
1034361
1252801
1266032
1262968
1266138
1212054
1227340
1192934
1192932
1195253
1254696
1037392
1272452
1273196
1097546
1203455
1162093
1140407
1254963
1165396
1209908
1232283
1271969
1212963
1270105
1269724
1232314
1236042
1139196
1210584
1032710
1251598
1223967
1033280
1042795
1272476
1033268
1276755
1261728
1278359
1138297
1037758
1137169
1139020
1280135
1243563
1277310
1266101
1266098
1281011
1260221
1233355
1274627
1281246
1277231
1276866
1228334
1278146
1282638
1140825
1282636
1266104
1273023
1162461
1273840
1280037
1275548
1209902
1036913
1273400
1115749
1282281
1264754
1283494
1284821
1193240
1271404
1137364
1141668
7020571
1192948
1285853
1266096
1204036
1033333
1275010
1281550
1284620
1287467
1227451
1250386
1154727
1281968
1285379
1279992
1286595
1281765
1034502
1137174
1266163
1286572
1148261
1227418
1034937
1291514
1210111
1291651
1266270
1227345
1212056
1085125
1217157
1266124
1285159
1036821
1209906
1292342
1036350
1280099
1292753
1295745
1117337
1140636
1281381
1254562
1289647
1294572
1270107
1295490
1089416
1145556
1232612
1290417
1145734
1037924
1292606
1297958
1291446
1230945
1032705
1297203
1256284
1300300
1139654
1294154
1299850
1299939
1295962
1279229
1066896
1302609
1165251
1303126
1285158
1203917
1032271
1283066
1035674
1301767
1214398
1289794
1300031
1032681
1108838
1266106
5056503
5060113
5078994
5080227
5081067
5081206
5081428
5081790
5082383
5083216
5083343
5083411
5084222
5084228
5084656
5084946
5085000
5086152
5087949
5089077
A1500
BDHARDUS
BDHBV
BELDUS
5001750
CLOUS
CLOUSBE
CLOUSNL
SWK936002
FEHOLD
5052207
NETHECU
5041977
5041979
CPOW
SWK13358
SWK13424
SWK13424T
SWK13427
SWK13446
SWK13467
SWK13495
SWK13496
5078063
SWK136148
SWK136326
SWK13661
SWK306151
SWK306152
SWK495
5045772
SWK933206
SWK933216
SWK936040
SWK93615
SWK936150
SWK936200
SWKLU5214
SWKLU5216
SWKLU5264
SWKLU842
A1000
A1060
A1090
A10BE
5092097
A10NL
A1100
A1521
A1522
A2000
A2090
A4000
A4090
5045773